36
3025
2999
2982
2968
3008
3050
3091
3089
3114
3083
3074
3059
3056
3048
3015
2973
3011
3031
3040
3010
2977
2995
3022
3066
3046
3013
3024
3034
1462
1475
1500
1514
1483
1523
4249
4288
4279
4326
4366
4321
4339
4350
4346
4322
4351
4372
4399
4435
4405
4389
4393
4408
4382
4380
4337
4365
4380
4358
4345
4318
4329
4288
4333
4314
2334
2329
2321
2357
2377
2352
2385
2379
2404
2430
2468
2448
2418
2443
2462
2431
3888
3871
3827
3815
3765
2184
2203
2216
2214
2176
2213
2226
2204
2181
2144
2183
2202
2189
2187
2229
2226
2198
2236
2285
2267
2312
2326
2331
2375
2326
2336
2379
2333
2329
2321
2336
2306
2341
2319
2330
2359
2401
2443
2492
2450
2449
2439
2482
2505
2467
2420
2400
4550
4519
4490
4441
4395
4400
4361
4313
4308
4354
4384
4403
4448
4494
4455
4496
4524
4552
4566
4602
4633
4644
4599
4609
4593
4571
4560
4547
4512
4528
2326
2371
2400
2377
2416
2440
2436
2423
2373
2412
2401
2411
2386
2421
2382
2427
2455
2408
2429
2421
2444
2431
2415
2446
2455
2455
2480
2475
2479
2514
2537
2550
2592
2632
2677
2706
2677
2602
2651
2691
2662
2625
2640
1047
1027
1037
1007
965
935
929
970
961
931
936
933
900
877
876
829
838
854
878
865
825
796
831
788
821
789
792
750
763
765
796
762
739
748
772
762
753
774
783
773
817
792
803
850
869
909
919
943
924
4122
4157
4110
4137
4168
4145
4165
4209
4192
4211
4164
4157
4114
4124
4143
4162
4173
4202
4235
4263
4282
4314
4307
4335
4361
4342
4292
4255
4288
4301
4294
4343
4329
4336
4350
4338
4339
4296
4330
4360
4385
2280
2274
2244
2258
2220
2202
2203
2168
2143
2134
2110
2141
2113
2097
2127
2081
2103
2095
2096
2140
2146
2140
2114
2158
2185
2202
2167
2174
2160
2114
2121
2118
2127
2097
2063
3485
3529
3569
3548
3545
3498
3541
3517
3522
3532
3489
3457
3429
3478
3471
3469
3492
3526
3488
3519
3495
354
332
308
280
321
332
338
353
396
376
407
4104
4122
4102
4060
4018
3973
3994
4039
4082
4036
3987
3941
3932
3974
3928
3372
3341
3367
3387
3347
3308
3344
3367
3373
3400
3447
3483
3435
3466
3504
3548
3515
3547
3588
3565
3596
3566
3591
3640
3640
3668
3703
3708
3696
3687
3672
3718
3711
3691
3662
3706
3727
3681
3655
3701
3655
3672
3658
3673
590
606
641
594
571
611
652
633
623
648
642
666
651
639
651
608
745
783
824
866
888
918
873
824
867
898
885
838
824
819
843
859
831
842
839
789
773
748
743
697
709
712
691
717
669
667
704
710
681
656
688
718
735
693
654
641
616
650
649
663
4891
4871
4910
4941
4922
4891
4854
4013
3982
4011
4047
4013
4019
4032
3992
3960
3986
3982
3966
4001
4025
3996
4029
4039
4014
3976
4023
4043
3993
4001
3955
3968
3920
3936
3902
3891
3846
3882
3902
3939
3952
3933
3897
3906
3899
3877
3888
3841
3794
3823
3818
3770
3752
3704
3694
3668
2307
2337
2297
2299
2282
2301
2308
2265
2289
2316
2347
2337
2362
2339
2312
2321
2312
2295
2332
2290
2271
2306
179
177
221
179
225
226
251
209
170
193
209
220
222
179
164
145
1866
1824
1777
1804
1834
1876
1925
1896
1943
1918
1888
1851
1836
1834
1810
1845
1854
1854
1843
1841
1853
1869
1889
1908
1859
1890
1865
1896
1883
1902
1941
1901
1888
1900
1906
1902
1856
1857
1896
1853
1849
1853
1862
1823
1843
1833
1849
1885
1876
1831
1822
1820
1780
1780
1734
1753
1769
1726
1768
1789
1782
1732
1758
1791
1775
1741
1778
1737
2274
2239
2252
2248
2235
2202
2215
2190
2142
2191
2152
2133
2097
2117
2118
2108
2153
2139
2171
2170
2125
2117
2074
2113
2142
2133
2087
2271
2257
2277
2273
2321
2318
2280
2263
2302
2252
134
105
141
158
190
235
191
219
194
242
274
284
294
295
311
346
317
281
268
219
198
240
286
299
340
301
341
292
276
243
258
252
229
193
169
198
203
154
148
163
2466
2462
2508
2501
2535
2542
2543
2514
2558
2570
2554
2552
2530
2512
2518
2561
2511
2467
2467
2420
2460
2441
2464
2432
2397
2380
654
701
721
687
658
638
597
547
536
566
527
531
536
548
589
599
570
569
563
585
633
669
699
656
702
690
724
729
721
705
676
723
746
746
764
801
832
816
800
782
791
747
750
785
832
826
780
166
157
192
171
566
541
567
545
545
496
511
479
435
401
431
387
346
316
282
244
197
167
146
183
157
166
189
209
181
194
184
212
173
199
149
135
128
84
71
30
33
5
50
85
91
88
84
2036
1995
2020
2067
2044
2005
1978
2006
2023
2056
2060
2021
2049
2081
2047
2063
2102
2139
2099
2089
2118
2090
2083
2059
2092
2132
2124
2130
2125
2085
2133
3012
2978
3002
2994
2965
2926
2949
2927
2910
2949
2959
2940
2979
2960
2932
2904
2939
2980
2953
2958
3003
2970
2924
2880
2868
2847
2880
2901
2918
2869
2896
2920
2892
2906
2860
674
681
652
651
648
693
700
687
1615
1611
1572
1601
1647
1633
1679
1723
1734
1687
1694
1681
1661
1646
1600
1563
1520
1480
1464
1432
1402
1372
1366
1336
1342
2179
2184
2206
2173
2175
2167
2208
2177
2181
2212
2162
2208
2191
2238
2282
2263
2291
2286
2301
2348
2312
2274
2278
2293
2298
2325
2350
2387
2411
2380
1859
1828
1852
1810
1768
1757
1761
1726
1731
1779
1783
1764
203
238
278
267
262
310
319
314
295
325
277
260
297
322
335
382
360
361
328
